A = [0 .56 -1 0;
     0 1.01 .5 -1;
     .5 -.56 0 0;
     1 -1.01 0 0]
 B = [0; 0; 0; -8]
 
 x = A\B